/*---------------------------------------------------------------------------*\
| =========                 |                                                 |
| \\      /  F ield         | OpenFOAM: The Open Source CFD Toolbox           |
|  \\    /   O peration     | Version:  1.2-devel                             |
|   \\  /    A nd           | Web:      http://www.openfoam.org               |
|    \\/     M anipulation  |                                                 |
\*---------------------------------------------------------------------------*/

FoamFile
{
    version 2.0;
    format ascii;

    root "/Werner/bgschaid/bgschaid-foamStuff/Solver/Spray";
    case "dualInjector2D";
    instance ""constant"";
    local "polyMesh";

    class cellList;
    object cells;
}

// * * * * * * * * * * * * * * * * * * * * * * * * * * * * * * * * * * * * * //


1800
(
6(2 0 3600 1 3720 3721)
6(0 3 3601 4 3722 3723)
6(3 5 3602 6 3724 3725)
6(5 7 3603 8 3726 3727)
6(7 9 3604 10 3728 3729)
6(9 11 3605 12 3730 3731)
6(11 13 3606 14 3732 3733)
6(13 15 3607 16 3734 3735)
6(15 17 3608 18 3736 3737)
6(17 3660 3609 19 3738 3739)
6(22 20 1 21 3740 3741)
6(20 23 4 24 3742 3743)
6(23 25 6 26 3744 3745)
6(25 27 8 28 3746 3747)
6(27 29 10 30 3748 3749)
6(29 31 12 32 3750 3751)
6(31 33 14 34 3752 3753)
6(33 35 16 36 3754 3755)
6(35 37 18 38 3756 3757)
6(19 39 3661 37 3758 3759)
6(42 40 21 41 3760 3761)
6(40 43 24 44 3762 3763)
6(43 45 26 46 3764 3765)
6(45 47 28 48 3766 3767)
6(47 49 30 50 3768 3769)
6(49 51 32 52 3770 3771)
6(51 53 34 54 3772 3773)
6(53 55 36 56 3774 3775)
6(55 57 38 58 3776 3777)
6(39 59 3662 57 3778 3779)
6(62 60 41 61 3780 3781)
6(60 63 44 64 3782 3783)
6(63 65 46 66 3784 3785)
6(65 67 48 68 3786 3787)
6(67 69 50 70 3788 3789)
6(69 71 52 72 3790 3791)
6(71 73 54 74 3792 3793)
6(73 75 56 76 3794 3795)
6(75 77 58 78 3796 3797)
6(59 79 3663 77 3798 3799)
6(82 80 61 81 3800 3801)
6(80 83 64 84 3802 3803)
6(83 85 66 86 3804 3805)
6(85 87 68 88 3806 3807)
6(87 89 70 90 3808 3809)
6(89 91 72 92 3810 3811)
6(91 93 74 94 3812 3813)
6(93 95 76 96 3814 3815)
6(95 97 78 98 3816 3817)
6(79 99 3664 97 3818 3819)
6(102 100 81 101 3820 3821)
6(100 103 84 104 3822 3823)
6(103 105 86 106 3824 3825)
6(105 107 88 108 3826 3827)
6(107 109 90 110 3828 3829)
6(109 111 92 112 3830 3831)
6(111 113 94 114 3832 3833)
6(113 115 96 116 3834 3835)
6(115 117 98 118 3836 3837)
6(99 119 3665 117 3838 3839)
6(122 120 101 121 3840 3841)
6(120 123 104 124 3842 3843)
6(123 125 106 126 3844 3845)
6(125 127 108 128 3846 3847)
6(127 129 110 130 3848 3849)
6(129 131 112 132 3850 3851)
6(131 133 114 134 3852 3853)
6(133 135 116 136 3854 3855)
6(135 137 118 138 3856 3857)
6(119 139 3666 137 3858 3859)
6(142 140 121 141 3860 3861)
6(140 143 124 144 3862 3863)
6(143 145 126 146 3864 3865)
6(145 147 128 148 3866 3867)
6(147 149 130 150 3868 3869)
6(149 151 132 152 3870 3871)
6(151 153 134 154 3872 3873)
6(153 155 136 156 3874 3875)
6(155 157 138 158 3876 3877)
6(139 159 3667 157 3878 3879)
6(162 160 141 161 3880 3881)
6(160 163 144 164 3882 3883)
6(163 165 146 166 3884 3885)
6(165 167 148 168 3886 3887)
6(167 169 150 170 3888 3889)
6(169 171 152 172 3890 3891)
6(171 173 154 174 3892 3893)
6(173 175 156 176 3894 3895)
6(175 177 158 178 3896 3897)
6(159 179 3668 177 3898 3899)
6(180 181 3619 161 3900 3901)
6(182 180 3618 164 3902 3903)
6(183 182 3617 166 3904 3905)
6(184 183 3616 168 3906 3907)
6(185 184 3615 170 3908 3909)
6(186 185 3614 172 3910 3911)
6(187 186 3613 174 3912 3913)
6(188 187 3612 176 3914 3915)
6(189 188 3611 178 3916 3917)
6(3669 189 3610 179 3918 3919)
6(192 190 3510 191 3920 3921)
6(190 193 3511 194 3922 3923)
6(193 195 3512 196 3924 3925)
6(195 197 3513 198 3926 3927)
6(197 199 3514 200 3928 3929)
6(199 201 3515 202 3930 3931)
6(201 203 3516 204 3932 3933)
6(203 205 3517 206 3934 3935)
6(205 207 3518 208 3936 3937)
6(207 3670 3519 209 3938 3939)
6(212 210 191 211 3940 3941)
6(210 213 194 214 3942 3943)
6(213 215 196 216 3944 3945)
6(215 217 198 218 3946 3947)
6(217 219 200 220 3948 3949)
6(219 221 202 222 3950 3951)
6(221 223 204 224 3952 3953)
6(223 225 206 226 3954 3955)
6(225 227 208 228 3956 3957)
6(209 229 3671 227 3958 3959)
6(232 230 211 231 3960 3961)
6(230 233 214 234 3962 3963)
6(233 235 216 236 3964 3965)
6(235 237 218 238 3966 3967)
6(237 239 220 240 3968 3969)
6(239 241 222 242 3970 3971)
6(241 243 224 244 3972 3973)
6(243 245 226 246 3974 3975)
6(245 247 228 248 3976 3977)
6(229 249 3672 247 3978 3979)
6(252 250 231 251 3980 3981)
6(250 253 234 254 3982 3983)
6(253 255 236 256 3984 3985)
6(255 257 238 258 3986 3987)
6(257 259 240 260 3988 3989)
6(259 261 242 262 3990 3991)
6(261 263 244 264 3992 3993)
6(263 265 246 266 3994 3995)
6(265 267 248 268 3996 3997)
6(249 269 3673 267 3998 3999)
6(272 270 251 271 4000 4001)
6(270 273 254 274 4002 4003)
6(273 275 256 276 4004 4005)
6(275 277 258 278 4006 4007)
6(277 279 260 280 4008 4009)
6(279 281 262 282 4010 4011)
6(281 283 264 284 4012 4013)
6(283 285 266 286 4014 4015)
6(285 287 268 288 4016 4017)
6(269 289 3674 287 4018 4019)
6(292 290 271 291 4020 4021)
6(290 293 274 294 4022 4023)
6(293 295 276 296 4024 4025)
6(295 297 278 298 4026 4027)
6(297 299 280 300 4028 4029)
6(299 301 282 302 4030 4031)
6(301 303 284 304 4032 4033)
6(303 305 286 306 4034 4035)
6(305 307 288 308 4036 4037)
6(289 309 3675 307 4038 4039)
6(312 310 291 311 4040 4041)
6(310 313 294 314 4042 4043)
6(313 315 296 316 4044 4045)
6(315 317 298 318 4046 4047)
6(317 319 300 320 4048 4049)
6(319 321 302 322 4050 4051)
6(321 323 304 324 4052 4053)
6(323 325 306 326 4054 4055)
6(325 327 308 328 4056 4057)
6(309 329 3676 327 4058 4059)
6(332 330 311 331 4060 4061)
6(330 333 314 334 4062 4063)
6(333 335 316 336 4064 4065)
6(335 337 318 338 4066 4067)
6(337 339 320 340 4068 4069)
6(339 341 322 342 4070 4071)
6(341 343 324 344 4072 4073)
6(343 345 326 346 4074 4075)
6(345 347 328 348 4076 4077)
6(329 349 3677 347 4078 4079)
6(352 350 331 351 4080 4081)
6(350 353 334 354 4082 4083)
6(353 355 336 356 4084 4085)
6(355 357 338 358 4086 4087)
6(357 359 340 360 4088 4089)
6(359 361 342 362 4090 4091)
6(361 363 344 364 4092 4093)
6(363 365 346 366 4094 4095)
6(365 367 348 368 4096 4097)
6(349 369 3678 367 4098 4099)
6(370 371 3509 351 4100 4101)
6(372 370 3508 354 4102 4103)
6(373 372 3507 356 4104 4105)
6(374 373 3506 358 4106 4107)
6(375 374 3505 360 4108 4109)
6(376 375 3504 362 4110 4111)
6(377 376 3503 364 4112 4113)
6(378 377 3502 366 4114 4115)
6(379 378 3501 368 4116 4117)
6(3679 379 3500 369 4118 4119)
6(381 3700 3499 380 4120 4121)
6(380 382 3701 383 4122 4123)
6(382 384 3702 385 4124 4125)
6(384 386 3703 387 4126 4127)
6(386 388 3704 389 4128 4129)
6(388 390 3705 391 4130 4131)
6(390 392 3706 393 4132 4133)
6(392 394 3707 395 4134 4135)
6(394 396 3708 397 4136 4137)
6(396 398 3709 399 4138 4139)
6(398 400 3710 401 4140 4141)
6(400 402 3711 403 4142 4143)
6(402 404 3712 405 4144 4145)
6(404 406 3713 407 4146 4147)
6(406 408 3714 409 4148 4149)
6(408 410 3715 411 4150 4151)
6(410 412 3716 413 4152 4153)
6(412 414 3717 415 4154 4155)
6(414 416 3718 417 4156 4157)
6(3719 418 3570 416 4158 4159)
6(420 381 3498 419 4160 4161)
6(419 421 383 422 4162 4163)
6(421 423 385 424 4164 4165)
6(423 425 387 426 4166 4167)
6(425 427 389 428 4168 4169)
6(427 429 391 430 4170 4171)
6(429 431 393 432 4172 4173)
6(431 433 395 434 4174 4175)
6(433 435 397 436 4176 4177)
6(435 437 399 438 4178 4179)
6(437 439 401 440 4180 4181)
6(439 441 403 442 4182 4183)
6(441 443 405 444 4184 4185)
6(443 445 407 446 4186 4187)
6(445 447 409 448 4188 4189)
6(447 449 411 450 4190 4191)
6(449 451 413 452 4192 4193)
6(451 453 415 454 4194 4195)
6(453 455 417 456 4196 4197)
6(418 457 3571 455 4198 4199)
6(459 420 3497 458 4200 4201)
6(458 460 422 461 4202 4203)
6(460 462 424 463 4204 4205)
6(462 464 426 465 4206 4207)
6(464 466 428 467 4208 4209)
6(466 468 430 469 4210 4211)
6(468 470 432 471 4212 4213)
6(470 472 434 473 4214 4215)
6(472 474 436 475 4216 4217)
6(474 476 438 477 4218 4219)
6(476 478 440 479 4220 4221)
6(478 480 442 481 4222 4223)
6(480 482 444 483 4224 4225)
6(482 484 446 485 4226 4227)
6(484 486 448 487 4228 4229)
6(486 488 450 489 4230 4231)
6(488 490 452 491 4232 4233)
6(490 492 454 493 4234 4235)
6(492 494 456 495 4236 4237)
6(457 496 3572 494 4238 4239)
6(498 459 3496 497 4240 4241)
6(497 499 461 500 4242 4243)
6(499 501 463 502 4244 4245)
6(501 503 465 504 4246 4247)
6(503 505 467 506 4248 4249)
6(505 507 469 508 4250 4251)
6(507 509 471 510 4252 4253)
6(509 511 473 512 4254 4255)
6(511 513 475 514 4256 4257)
6(513 515 477 516 4258 4259)
6(515 517 479 518 4260 4261)
6(517 519 481 520 4262 4263)
6(519 521 483 522 4264 4265)
6(521 523 485 524 4266 4267)
6(523 525 487 526 4268 4269)
6(525 527 489 528 4270 4271)
6(527 529 491 530 4272 4273)
6(529 531 493 532 4274 4275)
6(531 533 495 534 4276 4277)
6(496 535 3573 533 4278 4279)
6(537 498 3495 536 4280 4281)
6(536 538 500 539 4282 4283)
6(538 540 502 541 4284 4285)
6(540 542 504 543 4286 4287)
6(542 544 506 545 4288 4289)
6(544 546 508 547 4290 4291)
6(546 548 510 549 4292 4293)
6(548 550 512 551 4294 4295)
6(550 552 514 553 4296 4297)
6(552 554 516 555 4298 4299)
6(554 556 518 557 4300 4301)
6(556 558 520 559 4302 4303)
6(558 560 522 561 4304 4305)
6(560 562 524 563 4306 4307)
6(562 564 526 565 4308 4309)
6(564 566 528 567 4310 4311)
6(566 568 530 569 4312 4313)
6(568 570 532 571 4314 4315)
6(570 572 534 573 4316 4317)
6(535 574 3574 572 4318 4319)
6(576 537 3494 575 4320 4321)
6(575 577 539 578 4322 4323)
6(577 579 541 580 4324 4325)
6(579 581 543 582 4326 4327)
6(581 583 545 584 4328 4329)
6(583 585 547 586 4330 4331)
6(585 587 549 588 4332 4333)
6(587 589 551 590 4334 4335)
6(589 591 553 592 4336 4337)
6(591 593 555 594 4338 4339)
6(593 595 557 596 4340 4341)
6(595 597 559 598 4342 4343)
6(597 599 561 600 4344 4345)
6(599 601 563 602 4346 4347)
6(601 603 565 604 4348 4349)
6(603 605 567 606 4350 4351)
6(605 607 569 608 4352 4353)
6(607 609 571 610 4354 4355)
6(609 611 573 612 4356 4357)
6(574 613 3575 611 4358 4359)
6(615 576 3493 614 4360 4361)
6(614 616 578 617 4362 4363)
6(616 618 580 619 4364 4365)
6(618 620 582 621 4366 4367)
6(620 622 584 623 4368 4369)
6(622 624 586 625 4370 4371)
6(624 626 588 627 4372 4373)
6(626 628 590 629 4374 4375)
6(628 630 592 631 4376 4377)
6(630 632 594 633 4378 4379)
6(632 634 596 635 4380 4381)
6(634 636 598 637 4382 4383)
6(636 638 600 639 4384 4385)
6(638 640 602 641 4386 4387)
6(640 642 604 643 4388 4389)
6(642 644 606 645 4390 4391)
6(644 646 608 647 4392 4393)
6(646 648 610 649 4394 4395)
6(648 650 612 651 4396 4397)
6(613 652 3576 650 4398 4399)
6(654 615 3492 653 4400 4401)
6(653 655 617 656 4402 4403)
6(655 657 619 658 4404 4405)
6(657 659 621 660 4406 4407)
6(659 661 623 662 4408 4409)
6(661 663 625 664 4410 4411)
6(663 665 627 666 4412 4413)
6(665 667 629 668 4414 4415)
6(667 669 631 670 4416 4417)
6(669 671 633 672 4418 4419)
6(671 673 635 674 4420 4421)
6(673 675 637 676 4422 4423)
6(675 677 639 678 4424 4425)
6(677 679 641 680 4426 4427)
6(679 681 643 682 4428 4429)
6(681 683 645 684 4430 4431)
6(683 685 647 686 4432 4433)
6(685 687 649 688 4434 4435)
6(687 689 651 690 4436 4437)
6(652 691 3577 689 4438 4439)
6(693 654 3491 692 4440 4441)
6(692 694 656 695 4442 4443)
6(694 696 658 697 4444 4445)
6(696 698 660 699 4446 4447)
6(698 700 662 701 4448 4449)
6(700 702 664 703 4450 4451)
6(702 704 666 705 4452 4453)
6(704 706 668 707 4454 4455)
6(706 708 670 709 4456 4457)
6(708 710 672 711 4458 4459)
6(710 712 674 713 4460 4461)
6(712 714 676 715 4462 4463)
6(714 716 678 717 4464 4465)
6(716 718 680 719 4466 4467)
6(718 720 682 721 4468 4469)
6(720 722 684 723 4470 4471)
6(722 724 686 725 4472 4473)
6(724 726 688 727 4474 4475)
6(726 728 690 729 4476 4477)
6(691 730 3578 728 4478 4479)
6(732 693 3490 731 4480 4481)
6(731 733 695 734 4482 4483)
6(733 735 697 736 4484 4485)
6(735 737 699 738 4486 4487)
6(737 739 701 740 4488 4489)
6(739 741 703 742 4490 4491)
6(741 743 705 744 4492 4493)
6(743 745 707 746 4494 4495)
6(745 747 709 748 4496 4497)
6(747 749 711 750 4498 4499)
6(749 751 713 752 4500 4501)
6(751 753 715 754 4502 4503)
6(753 755 717 756 4504 4505)
6(755 757 719 758 4506 4507)
6(757 759 721 760 4508 4509)
6(759 761 723 762 4510 4511)
6(761 763 725 764 4512 4513)
6(763 765 727 766 4514 4515)
6(765 767 729 768 4516 4517)
6(730 769 3579 767 4518 4519)
6(771 732 3489 770 4520 4521)
6(770 772 734 773 4522 4523)
6(772 774 736 775 4524 4525)
6(774 776 738 777 4526 4527)
6(776 778 740 779 4528 4529)
6(778 780 742 781 4530 4531)
6(780 782 744 783 4532 4533)
6(782 784 746 785 4534 4535)
6(784 786 748 787 4536 4537)
6(786 788 750 789 4538 4539)
6(788 790 752 791 4540 4541)
6(790 792 754 793 4542 4543)
6(792 794 756 795 4544 4545)
6(794 796 758 797 4546 4547)
6(796 798 760 799 4548 4549)
6(798 800 762 801 4550 4551)
6(800 802 764 803 4552 4553)
6(802 804 766 805 4554 4555)
6(804 806 768 807 4556 4557)
6(769 808 3580 806 4558 4559)
6(810 771 3488 809 4560 4561)
6(809 811 773 812 4562 4563)
6(811 813 775 814 4564 4565)
6(813 815 777 816 4566 4567)
6(815 817 779 818 4568 4569)
6(817 819 781 820 4570 4571)
6(819 821 783 822 4572 4573)
6(821 823 785 824 4574 4575)
6(823 825 787 826 4576 4577)
6(825 827 789 828 4578 4579)
6(827 829 791 830 4580 4581)
6(829 831 793 832 4582 4583)
6(831 833 795 834 4584 4585)
6(833 835 797 836 4586 4587)
6(835 837 799 838 4588 4589)
6(837 839 801 840 4590 4591)
6(839 841 803 842 4592 4593)
6(841 843 805 844 4594 4595)
6(843 845 807 846 4596 4597)
6(808 847 3581 845 4598 4599)
6(849 810 3487 848 4600 4601)
6(848 850 812 851 4602 4603)
6(850 852 814 853 4604 4605)
6(852 854 816 855 4606 4607)
6(854 856 818 857 4608 4609)
6(856 858 820 859 4610 4611)
6(858 860 822 861 4612 4613)
6(860 862 824 863 4614 4615)
6(862 864 826 865 4616 4617)
6(864 866 828 867 4618 4619)
6(866 868 830 869 4620 4621)
6(868 870 832 871 4622 4623)
6(870 872 834 873 4624 4625)
6(872 874 836 875 4626 4627)
6(874 876 838 877 4628 4629)
6(876 878 840 879 4630 4631)
6(878 880 842 881 4632 4633)
6(880 882 844 883 4634 4635)
6(882 884 846 885 4636 4637)
6(847 886 3582 884 4638 4639)
6(888 849 3486 887 4640 4641)
6(887 889 851 890 4642 4643)
6(889 891 853 892 4644 4645)
6(891 893 855 894 4646 4647)
6(893 895 857 896 4648 4649)
6(895 897 859 898 4650 4651)
6(897 899 861 900 4652 4653)
6(899 901 863 902 4654 4655)
6(901 903 865 904 4656 4657)
6(903 905 867 906 4658 4659)
6(905 907 869 908 4660 4661)
6(907 909 871 910 4662 4663)
6(909 911 873 912 4664 4665)
6(911 913 875 914 4666 4667)
6(913 915 877 916 4668 4669)
6(915 917 879 918 4670 4671)
6(917 919 881 920 4672 4673)
6(919 921 883 922 4674 4675)
6(921 923 885 924 4676 4677)
6(886 925 3583 923 4678 4679)
6(927 888 3485 926 4680 4681)
6(926 928 890 929 4682 4683)
6(928 930 892 931 4684 4685)
6(930 932 894 933 4686 4687)
6(932 934 896 935 4688 4689)
6(934 936 898 937 4690 4691)
6(936 938 900 939 4692 4693)
6(938 940 902 941 4694 4695)
6(940 942 904 943 4696 4697)
6(942 944 906 945 4698 4699)
6(944 946 908 947 4700 4701)
6(946 948 910 949 4702 4703)
6(948 950 912 951 4704 4705)
6(950 952 914 953 4706 4707)
6(952 954 916 955 4708 4709)
6(954 956 918 957 4710 4711)
6(956 958 920 959 4712 4713)
6(958 960 922 961 4714 4715)
6(960 962 924 963 4716 4717)
6(925 964 3584 962 4718 4719)
6(966 927 3484 965 4720 4721)
6(965 967 929 968 4722 4723)
6(967 969 931 970 4724 4725)
6(969 971 933 972 4726 4727)
6(971 973 935 974 4728 4729)
6(973 975 937 976 4730 4731)
6(975 977 939 978 4732 4733)
6(977 979 941 980 4734 4735)
6(979 981 943 982 4736 4737)
6(981 983 945 984 4738 4739)
6(983 985 947 986 4740 4741)
6(985 987 949 988 4742 4743)
6(987 989 951 990 4744 4745)
6(989 991 953 992 4746 4747)
6(991 993 955 994 4748 4749)
6(993 995 957 996 4750 4751)
6(995 997 959 998 4752 4753)
6(997 999 961 1000 4754 4755)
6(999 1001 963 1002 4756 4757)
6(964 1003 3585 1001 4758 4759)
6(1005 966 3483 1004 4760 4761)
6(1004 1006 968 1007 4762 4763)
6(1006 1008 970 1009 4764 4765)
6(1008 1010 972 1011 4766 4767)
6(1010 1012 974 1013 4768 4769)
6(1012 1014 976 1015 4770 4771)
6(1014 1016 978 1017 4772 4773)
6(1016 1018 980 1019 4774 4775)
6(1018 1020 982 1021 4776 4777)
6(1020 1022 984 1023 4778 4779)
6(1022 1024 986 1025 4780 4781)
6(1024 1026 988 1027 4782 4783)
6(1026 1028 990 1029 4784 4785)
6(1028 1030 992 1031 4786 4787)
6(1030 1032 994 1033 4788 4789)
6(1032 1034 996 1035 4790 4791)
6(1034 1036 998 1037 4792 4793)
6(1036 1038 1000 1039 4794 4795)
6(1038 1040 1002 1041 4796 4797)
6(1003 1042 3586 1040 4798 4799)
6(1044 1005 3482 1043 4800 4801)
6(1043 1045 1007 1046 4802 4803)
6(1045 1047 1009 1048 4804 4805)
6(1047 1049 1011 1050 4806 4807)
6(1049 1051 1013 1052 4808 4809)
6(1051 1053 1015 1054 4810 4811)
6(1053 1055 1017 1056 4812 4813)
6(1055 1057 1019 1058 4814 4815)
6(1057 1059 1021 1060 4816 4817)
6(1059 1061 1023 1062 4818 4819)
6(1061 1063 1025 1064 4820 4821)
6(1063 1065 1027 1066 4822 4823)
6(1065 1067 1029 1068 4824 4825)
6(1067 1069 1031 1070 4826 4827)
6(1069 1071 1033 1072 4828 4829)
6(1071 1073 1035 1074 4830 4831)
6(1073 1075 1037 1076 4832 4833)
6(1075 1077 1039 1078 4834 4835)
6(1077 1079 1041 1080 4836 4837)
6(1042 1081 3587 1079 4838 4839)
6(1083 1044 3481 1082 4840 4841)
6(1082 1084 1046 1085 4842 4843)
6(1084 1086 1048 1087 4844 4845)
6(1086 1088 1050 1089 4846 4847)
6(1088 1090 1052 1091 4848 4849)
6(1090 1092 1054 1093 4850 4851)
6(1092 1094 1056 1095 4852 4853)
6(1094 1096 1058 1097 4854 4855)
6(1096 1098 1060 1099 4856 4857)
6(1098 1100 1062 1101 4858 4859)
6(1100 1102 1064 1103 4860 4861)
6(1102 1104 1066 1105 4862 4863)
6(1104 1106 1068 1107 4864 4865)
6(1106 1108 1070 1109 4866 4867)
6(1108 1110 1072 1111 4868 4869)
6(1110 1112 1074 1113 4870 4871)
6(1112 1114 1076 1115 4872 4873)
6(1114 1116 1078 1117 4874 4875)
6(1116 1118 1080 1119 4876 4877)
6(1081 1120 3588 1118 4878 4879)
6(1122 1083 3480 1121 4880 4881)
6(1121 1123 1085 1124 4882 4883)
6(1123 1125 1087 1126 4884 4885)
6(1125 1127 1089 1128 4886 4887)
6(1127 1129 1091 1130 4888 4889)
6(1129 1131 1093 1132 4890 4891)
6(1131 1133 1095 1134 4892 4893)
6(1133 1135 1097 1136 4894 4895)
6(1135 1137 1099 1138 4896 4897)
6(1137 1139 1101 1140 4898 4899)
6(1139 1141 1103 1142 4900 4901)
6(1141 1143 1105 1144 4902 4903)
6(1143 1145 1107 1146 4904 4905)
6(1145 1147 1109 1148 4906 4907)
6(1147 1149 1111 1150 4908 4909)
6(1149 1151 1113 1152 4910 4911)
6(1151 1153 1115 1154 4912 4913)
6(1153 1155 1117 1156 4914 4915)
6(1155 1157 1119 1158 4916 4917)
6(1120 1159 3589 1157 4918 4919)
6(1161 1122 371 1160 4920 4921)
6(1160 1162 1124 1163 4922 4923)
6(1162 1164 1126 1165 4924 4925)
6(1164 1166 1128 1167 4926 4927)
6(1166 1168 1130 1169 4928 4929)
6(1168 1170 1132 1171 4930 4931)
6(1170 1172 1134 1173 4932 4933)
6(1172 1174 1136 1175 4934 4935)
6(1174 1176 1138 1177 4936 4937)
6(1176 1178 1140 1179 4938 4939)
6(1178 1180 1142 1181 4940 4941)
6(1180 1182 1144 1183 4942 4943)
6(1182 1184 1146 1185 4944 4945)
6(1184 1186 1148 1187 4946 4947)
6(1186 1188 1150 1189 4948 4949)
6(1188 1190 1152 1191 4950 4951)
6(1190 1192 1154 1193 4952 4953)
6(1192 1194 1156 1195 4954 4955)
6(1194 1196 1158 1197 4956 4957)
6(1159 1198 3590 1196 4958 4959)
6(1200 1161 352 1199 4960 4961)
6(1199 1201 1163 1202 4962 4963)
6(1201 1203 1165 1204 4964 4965)
6(1203 1205 1167 1206 4966 4967)
6(1205 1207 1169 1208 4968 4969)
6(1207 1209 1171 1210 4970 4971)
6(1209 1211 1173 1212 4972 4973)
6(1211 1213 1175 1214 4974 4975)
6(1213 1215 1177 1216 4976 4977)
6(1215 1217 1179 1218 4978 4979)
6(1217 1219 1181 1220 4980 4981)
6(1219 1221 1183 1222 4982 4983)
6(1221 1223 1185 1224 4984 4985)
6(1223 1225 1187 1226 4986 4987)
6(1225 1227 1189 1228 4988 4989)
6(1227 1229 1191 1230 4990 4991)
6(1229 1231 1193 1232 4992 4993)
6(1231 1233 1195 1234 4994 4995)
6(1233 1235 1197 1236 4996 4997)
6(1198 1237 3591 1235 4998 4999)
6(1239 1200 332 1238 5000 5001)
6(1238 1240 1202 1241 5002 5003)
6(1240 1242 1204 1243 5004 5005)
6(1242 1244 1206 1245 5006 5007)
6(1244 1246 1208 1247 5008 5009)
6(1246 1248 1210 1249 5010 5011)
6(1248 1250 1212 1251 5012 5013)
6(1250 1252 1214 1253 5014 5015)
6(1252 1254 1216 1255 5016 5017)
6(1254 1256 1218 1257 5018 5019)
6(1256 1258 1220 1259 5020 5021)
6(1258 1260 1222 1261 5022 5023)
6(1260 1262 1224 1263 5024 5025)
6(1262 1264 1226 1265 5026 5027)
6(1264 1266 1228 1267 5028 5029)
6(1266 1268 1230 1269 5030 5031)
6(1268 1270 1232 1271 5032 5033)
6(1270 1272 1234 1273 5034 5035)
6(1272 1274 1236 1275 5036 5037)
6(1237 1276 3592 1274 5038 5039)
6(1278 1239 312 1277 5040 5041)
6(1277 1279 1241 1280 5042 5043)
6(1279 1281 1243 1282 5044 5045)
6(1281 1283 1245 1284 5046 5047)
6(1283 1285 1247 1286 5048 5049)
6(1285 1287 1249 1288 5050 5051)
6(1287 1289 1251 1290 5052 5053)
6(1289 1291 1253 1292 5054 5055)
6(1291 1293 1255 1294 5056 5057)
6(1293 1295 1257 1296 5058 5059)
6(1295 1297 1259 1298 5060 5061)
6(1297 1299 1261 1300 5062 5063)
6(1299 1301 1263 1302 5064 5065)
6(1301 1303 1265 1304 5066 5067)
6(1303 1305 1267 1306 5068 5069)
6(1305 1307 1269 1308 5070 5071)
6(1307 1309 1271 1310 5072 5073)
6(1309 1311 1273 1312 5074 5075)
6(1311 1313 1275 1314 5076 5077)
6(1276 1315 3593 1313 5078 5079)
6(1317 1278 292 1316 5080 5081)
6(1316 1318 1280 1319 5082 5083)
6(1318 1320 1282 1321 5084 5085)
6(1320 1322 1284 1323 5086 5087)
6(1322 1324 1286 1325 5088 5089)
6(1324 1326 1288 1327 5090 5091)
6(1326 1328 1290 1329 5092 5093)
6(1328 1330 1292 1331 5094 5095)
6(1330 1332 1294 1333 5096 5097)
6(1332 1334 1296 1335 5098 5099)
6(1334 1336 1298 1337 5100 5101)
6(1336 1338 1300 1339 5102 5103)
6(1338 1340 1302 1341 5104 5105)
6(1340 1342 1304 1343 5106 5107)
6(1342 1344 1306 1345 5108 5109)
6(1344 1346 1308 1347 5110 5111)
6(1346 1348 1310 1349 5112 5113)
6(1348 1350 1312 1351 5114 5115)
6(1350 1352 1314 1353 5116 5117)
6(1315 1354 3594 1352 5118 5119)
6(1356 1317 272 1355 5120 5121)
6(1355 1357 1319 1358 5122 5123)
6(1357 1359 1321 1360 5124 5125)
6(1359 1361 1323 1362 5126 5127)
6(1361 1363 1325 1364 5128 5129)
6(1363 1365 1327 1366 5130 5131)
6(1365 1367 1329 1368 5132 5133)
6(1367 1369 1331 1370 5134 5135)
6(1369 1371 1333 1372 5136 5137)
6(1371 1373 1335 1374 5138 5139)
6(1373 1375 1337 1376 5140 5141)
6(1375 1377 1339 1378 5142 5143)
6(1377 1379 1341 1380 5144 5145)
6(1379 1381 1343 1382 5146 5147)
6(1381 1383 1345 1384 5148 5149)
6(1383 1385 1347 1386 5150 5151)
6(1385 1387 1349 1388 5152 5153)
6(1387 1389 1351 1390 5154 5155)
6(1389 1391 1353 1392 5156 5157)
6(1354 1393 3595 1391 5158 5159)
6(1395 1356 252 1394 5160 5161)
6(1394 1396 1358 1397 5162 5163)
6(1396 1398 1360 1399 5164 5165)
6(1398 1400 1362 1401 5166 5167)
6(1400 1402 1364 1403 5168 5169)
6(1402 1404 1366 1405 5170 5171)
6(1404 1406 1368 1407 5172 5173)
6(1406 1408 1370 1409 5174 5175)
6(1408 1410 1372 1411 5176 5177)
6(1410 1412 1374 1413 5178 5179)
6(1412 1414 1376 1415 5180 5181)
6(1414 1416 1378 1417 5182 5183)
6(1416 1418 1380 1419 5184 5185)
6(1418 1420 1382 1421 5186 5187)
6(1420 1422 1384 1423 5188 5189)
6(1422 1424 1386 1425 5190 5191)
6(1424 1426 1388 1427 5192 5193)
6(1426 1428 1390 1429 5194 5195)
6(1428 1430 1392 1431 5196 5197)
6(1393 1432 3596 1430 5198 5199)
6(1434 1395 232 1433 5200 5201)
6(1433 1435 1397 1436 5202 5203)
6(1435 1437 1399 1438 5204 5205)
6(1437 1439 1401 1440 5206 5207)
6(1439 1441 1403 1442 5208 5209)
6(1441 1443 1405 1444 5210 5211)
6(1443 1445 1407 1446 5212 5213)
6(1445 1447 1409 1448 5214 5215)
6(1447 1449 1411 1450 5216 5217)
6(1449 1451 1413 1452 5218 5219)
6(1451 1453 1415 1454 5220 5221)
6(1453 1455 1417 1456 5222 5223)
6(1455 1457 1419 1458 5224 5225)
6(1457 1459 1421 1460 5226 5227)
6(1459 1461 1423 1462 5228 5229)
6(1461 1463 1425 1464 5230 5231)
6(1463 1465 1427 1466 5232 5233)
6(1465 1467 1429 1468 5234 5235)
6(1467 1469 1431 1470 5236 5237)
6(1432 1471 3597 1469 5238 5239)
6(1473 1434 212 1472 5240 5241)
6(1472 1474 1436 1475 5242 5243)
6(1474 1476 1438 1477 5244 5245)
6(1476 1478 1440 1479 5246 5247)
6(1478 1480 1442 1481 5248 5249)
6(1480 1482 1444 1483 5250 5251)
6(1482 1484 1446 1485 5252 5253)
6(1484 1486 1448 1487 5254 5255)
6(1486 1488 1450 1489 5256 5257)
6(1488 1490 1452 1491 5258 5259)
6(1490 1492 1454 1493 5260 5261)
6(1492 1494 1456 1495 5262 5263)
6(1494 1496 1458 1497 5264 5265)
6(1496 1498 1460 1499 5266 5267)
6(1498 1500 1462 1501 5268 5269)
6(1500 1502 1464 1503 5270 5271)
6(1502 1504 1466 1505 5272 5273)
6(1504 1506 1468 1507 5274 5275)
6(1506 1508 1470 1509 5276 5277)
6(1471 1510 3598 1508 5278 5279)
6(1512 1473 192 1511 5280 5281)
6(1511 1513 1475 1514 5282 5283)
6(1513 1515 1477 1516 5284 5285)
6(1515 1517 1479 1518 5286 5287)
6(1517 1519 1481 1520 5288 5289)
6(1519 1521 1483 1522 5290 5291)
6(1521 1523 1485 1524 5292 5293)
6(1523 1525 1487 1526 5294 5295)
6(1525 1527 1489 1528 5296 5297)
6(1527 1529 1491 1530 5298 5299)
6(1529 1531 1493 1532 5300 5301)
6(1531 1533 1495 1534 5302 5303)
6(1533 1535 1497 1536 5304 5305)
6(1535 1537 1499 1538 5306 5307)
6(1537 1539 1501 1540 5308 5309)
6(1539 1541 1503 1542 5310 5311)
6(1541 1543 1505 1544 5312 5313)
6(1543 1545 1507 1546 5314 5315)
6(1545 1547 1509 1548 5316 5317)
6(1510 1549 3599 1547 5318 5319)
6(1551 1512 3569 1550 5320 5321)
6(1550 1552 1514 1553 5322 5323)
6(1552 1554 1516 1555 5324 5325)
6(1554 1556 1518 1557 5326 5327)
6(1556 1558 1520 1559 5328 5329)
6(1558 1560 1522 1561 5330 5331)
6(1560 1562 1524 1563 5332 5333)
6(1562 1564 1526 1565 5334 5335)
6(1564 1566 1528 1567 5336 5337)
6(1566 1568 1530 1569 5338 5339)
6(1568 1570 1532 1571 5340 5341)
6(1570 1572 1534 1573 5342 5343)
6(1572 1574 1536 1575 5344 5345)
6(1574 1576 1538 1577 5346 5347)
6(1576 1578 1540 1579 5348 5349)
6(1578 1580 1542 1581 5350 5351)
6(1580 1582 1544 1583 5352 5353)
6(1582 1584 1546 1585 5354 5355)
6(1584 1586 1548 1587 5356 5357)
6(1549 1588 2 1586 5358 5359)
6(1590 1551 3568 1589 5360 5361)
6(1589 1591 1553 1592 5362 5363)
6(1591 1593 1555 1594 5364 5365)
6(1593 1595 1557 1596 5366 5367)
6(1595 1597 1559 1598 5368 5369)
6(1597 1599 1561 1600 5370 5371)
6(1599 1601 1563 1602 5372 5373)
6(1601 1603 1565 1604 5374 5375)
6(1603 1605 1567 1606 5376 5377)
6(1605 1607 1569 1608 5378 5379)
6(1607 1609 1571 1610 5380 5381)
6(1609 1611 1573 1612 5382 5383)
6(1611 1613 1575 1614 5384 5385)
6(1613 1615 1577 1616 5386 5387)
6(1615 1617 1579 1618 5388 5389)
6(1617 1619 1581 1620 5390 5391)
6(1619 1621 1583 1622 5392 5393)
6(1621 1623 1585 1624 5394 5395)
6(1623 1625 1587 1626 5396 5397)
6(1588 1627 22 1625 5398 5399)
6(1629 1590 3567 1628 5400 5401)
6(1628 1630 1592 1631 5402 5403)
6(1630 1632 1594 1633 5404 5405)
6(1632 1634 1596 1635 5406 5407)
6(1634 1636 1598 1637 5408 5409)
6(1636 1638 1600 1639 5410 5411)
6(1638 1640 1602 1641 5412 5413)
6(1640 1642 1604 1643 5414 5415)
6(1642 1644 1606 1645 5416 5417)
6(1644 1646 1608 1647 5418 5419)
6(1646 1648 1610 1649 5420 5421)
6(1648 1650 1612 1651 5422 5423)
6(1650 1652 1614 1653 5424 5425)
6(1652 1654 1616 1655 5426 5427)
6(1654 1656 1618 1657 5428 5429)
6(1656 1658 1620 1659 5430 5431)
6(1658 1660 1622 1661 5432 5433)
6(1660 1662 1624 1663 5434 5435)
6(1662 1664 1626 1665 5436 5437)
6(1627 1666 42 1664 5438 5439)
6(1668 1629 3566 1667 5440 5441)
6(1667 1669 1631 1670 5442 5443)
6(1669 1671 1633 1672 5444 5445)
6(1671 1673 1635 1674 5446 5447)
6(1673 1675 1637 1676 5448 5449)
6(1675 1677 1639 1678 5450 5451)
6(1677 1679 1641 1680 5452 5453)
6(1679 1681 1643 1682 5454 5455)
6(1681 1683 1645 1684 5456 5457)
6(1683 1685 1647 1686 5458 5459)
6(1685 1687 1649 1688 5460 5461)
6(1687 1689 1651 1690 5462 5463)
6(1689 1691 1653 1692 5464 5465)
6(1691 1693 1655 1694 5466 5467)
6(1693 1695 1657 1696 5468 5469)
6(1695 1697 1659 1698 5470 5471)
6(1697 1699 1661 1700 5472 5473)
6(1699 1701 1663 1702 5474 5475)
6(1701 1703 1665 1704 5476 5477)
6(1666 1705 62 1703 5478 5479)
6(1707 1668 3565 1706 5480 5481)
6(1706 1708 1670 1709 5482 5483)
6(1708 1710 1672 1711 5484 5485)
6(1710 1712 1674 1713 5486 5487)
6(1712 1714 1676 1715 5488 5489)
6(1714 1716 1678 1717 5490 5491)
6(1716 1718 1680 1719 5492 5493)
6(1718 1720 1682 1721 5494 5495)
6(1720 1722 1684 1723 5496 5497)
6(1722 1724 1686 1725 5498 5499)
6(1724 1726 1688 1727 5500 5501)
6(1726 1728 1690 1729 5502 5503)
6(1728 1730 1692 1731 5504 5505)
6(1730 1732 1694 1733 5506 5507)
6(1732 1734 1696 1735 5508 5509)
6(1734 1736 1698 1737 5510 5511)
6(1736 1738 1700 1739 5512 5513)
6(1738 1740 1702 1741 5514 5515)
6(1740 1742 1704 1743 5516 5517)
6(1705 1744 82 1742 5518 5519)
6(1746 1707 3564 1745 5520 5521)
6(1745 1747 1709 1748 5522 5523)
6(1747 1749 1711 1750 5524 5525)
6(1749 1751 1713 1752 5526 5527)
6(1751 1753 1715 1754 5528 5529)
6(1753 1755 1717 1756 5530 5531)
6(1755 1757 1719 1758 5532 5533)
6(1757 1759 1721 1760 5534 5535)
6(1759 1761 1723 1762 5536 5537)
6(1761 1763 1725 1764 5538 5539)
6(1763 1765 1727 1766 5540 5541)
6(1765 1767 1729 1768 5542 5543)
6(1767 1769 1731 1770 5544 5545)
6(1769 1771 1733 1772 5546 5547)
6(1771 1773 1735 1774 5548 5549)
6(1773 1775 1737 1776 5550 5551)
6(1775 1777 1739 1778 5552 5553)
6(1777 1779 1741 1780 5554 5555)
6(1779 1781 1743 1782 5556 5557)
6(1744 1783 102 1781 5558 5559)
6(1785 1746 3563 1784 5560 5561)
6(1784 1786 1748 1787 5562 5563)
6(1786 1788 1750 1789 5564 5565)
6(1788 1790 1752 1791 5566 5567)
6(1790 1792 1754 1793 5568 5569)
6(1792 1794 1756 1795 5570 5571)
6(1794 1796 1758 1797 5572 5573)
6(1796 1798 1760 1799 5574 5575)
6(1798 1800 1762 1801 5576 5577)
6(1800 1802 1764 1803 5578 5579)
6(1802 1804 1766 1805 5580 5581)
6(1804 1806 1768 1807 5582 5583)
6(1806 1808 1770 1809 5584 5585)
6(1808 1810 1772 1811 5586 5587)
6(1810 1812 1774 1813 5588 5589)
6(1812 1814 1776 1815 5590 5591)
6(1814 1816 1778 1817 5592 5593)
6(1816 1818 1780 1819 5594 5595)
6(1818 1820 1782 1821 5596 5597)
6(1783 1822 122 1820 5598 5599)
6(1824 1785 3562 1823 5600 5601)
6(1823 1825 1787 1826 5602 5603)
6(1825 1827 1789 1828 5604 5605)
6(1827 1829 1791 1830 5606 5607)
6(1829 1831 1793 1832 5608 5609)
6(1831 1833 1795 1834 5610 5611)
6(1833 1835 1797 1836 5612 5613)
6(1835 1837 1799 1838 5614 5615)
6(1837 1839 1801 1840 5616 5617)
6(1839 1841 1803 1842 5618 5619)
6(1841 1843 1805 1844 5620 5621)
6(1843 1845 1807 1846 5622 5623)
6(1845 1847 1809 1848 5624 5625)
6(1847 1849 1811 1850 5626 5627)
6(1849 1851 1813 1852 5628 5629)
6(1851 1853 1815 1854 5630 5631)
6(1853 1855 1817 1856 5632 5633)
6(1855 1857 1819 1858 5634 5635)
6(1857 1859 1821 1860 5636 5637)
6(1822 1861 142 1859 5638 5639)
6(1863 1824 3561 1862 5640 5641)
6(1862 1864 1826 1865 5642 5643)
6(1864 1866 1828 1867 5644 5645)
6(1866 1868 1830 1869 5646 5647)
6(1868 1870 1832 1871 5648 5649)
6(1870 1872 1834 1873 5650 5651)
6(1872 1874 1836 1875 5652 5653)
6(1874 1876 1838 1877 5654 5655)
6(1876 1878 1840 1879 5656 5657)
6(1878 1880 1842 1881 5658 5659)
6(1880 1882 1844 1883 5660 5661)
6(1882 1884 1846 1885 5662 5663)
6(1884 1886 1848 1887 5664 5665)
6(1886 1888 1850 1889 5666 5667)
6(1888 1890 1852 1891 5668 5669)
6(1890 1892 1854 1893 5670 5671)
6(1892 1894 1856 1895 5672 5673)
6(1894 1896 1858 1897 5674 5675)
6(1896 1898 1860 1899 5676 5677)
6(1861 1900 162 1898 5678 5679)
6(1902 1863 3560 1901 5680 5681)
6(1901 1903 1865 1904 5682 5683)
6(1903 1905 1867 1906 5684 5685)
6(1905 1907 1869 1908 5686 5687)
6(1907 1909 1871 1910 5688 5689)
6(1909 1911 1873 1912 5690 5691)
6(1911 1913 1875 1914 5692 5693)
6(1913 1915 1877 1916 5694 5695)
6(1915 1917 1879 1918 5696 5697)
6(1917 1919 1881 1920 5698 5699)
6(1919 1921 1883 1922 5700 5701)
6(1921 1923 1885 1924 5702 5703)
6(1923 1925 1887 1926 5704 5705)
6(1925 1927 1889 1928 5706 5707)
6(1927 1929 1891 1930 5708 5709)
6(1929 1931 1893 1932 5710 5711)
6(1931 1933 1895 1934 5712 5713)
6(1933 1935 1897 1936 5714 5715)
6(1935 1937 1899 1938 5716 5717)
6(1900 1939 181 1937 5718 5719)
6(1941 1902 3559 1940 5720 5721)
6(1940 1942 1904 1943 5722 5723)
6(1942 1944 1906 1945 5724 5725)
6(1944 1946 1908 1947 5726 5727)
6(1946 1948 1910 1949 5728 5729)
6(1948 1950 1912 1951 5730 5731)
6(1950 1952 1914 1953 5732 5733)
6(1952 1954 1916 1955 5734 5735)
6(1954 1956 1918 1957 5736 5737)
6(1956 1958 1920 1959 5738 5739)
6(1958 1960 1922 1961 5740 5741)
6(1960 1962 1924 1963 5742 5743)
6(1962 1964 1926 1965 5744 5745)
6(1964 1966 1928 1967 5746 5747)
6(1966 1968 1930 1969 5748 5749)
6(1968 1970 1932 1971 5750 5751)
6(1970 1972 1934 1973 5752 5753)
6(1972 1974 1936 1975 5754 5755)
6(1974 1976 1938 1977 5756 5757)
6(1939 1978 3620 1976 5758 5759)
6(1980 1941 3558 1979 5760 5761)
6(1979 1981 1943 1982 5762 5763)
6(1981 1983 1945 1984 5764 5765)
6(1983 1985 1947 1986 5766 5767)
6(1985 1987 1949 1988 5768 5769)
6(1987 1989 1951 1990 5770 5771)
6(1989 1991 1953 1992 5772 5773)
6(1991 1993 1955 1994 5774 5775)
6(1993 1995 1957 1996 5776 5777)
6(1995 1997 1959 1998 5778 5779)
6(1997 1999 1961 2000 5780 5781)
6(1999 2001 1963 2002 5782 5783)
6(2001 2003 1965 2004 5784 5785)
6(2003 2005 1967 2006 5786 5787)
6(2005 2007 1969 2008 5788 5789)
6(2007 2009 1971 2010 5790 5791)
6(2009 2011 1973 2012 5792 5793)
6(2011 2013 1975 2014 5794 5795)
6(2013 2015 1977 2016 5796 5797)
6(1978 2017 3621 2015 5798 5799)
6(2019 1980 3557 2018 5800 5801)
6(2018 2020 1982 2021 5802 5803)
6(2020 2022 1984 2023 5804 5805)
6(2022 2024 1986 2025 5806 5807)
6(2024 2026 1988 2027 5808 5809)
6(2026 2028 1990 2029 5810 5811)
6(2028 2030 1992 2031 5812 5813)
6(2030 2032 1994 2033 5814 5815)
6(2032 2034 1996 2035 5816 5817)
6(2034 2036 1998 2037 5818 5819)
6(2036 2038 2000 2039 5820 5821)
6(2038 2040 2002 2041 5822 5823)
6(2040 2042 2004 2043 5824 5825)
6(2042 2044 2006 2045 5826 5827)
6(2044 2046 2008 2047 5828 5829)
6(2046 2048 2010 2049 5830 5831)
6(2048 2050 2012 2051 5832 5833)
6(2050 2052 2014 2053 5834 5835)
6(2052 2054 2016 2055 5836 5837)
6(2017 2056 3622 2054 5838 5839)
6(2058 2019 3556 2057 5840 5841)
6(2057 2059 2021 2060 5842 5843)
6(2059 2061 2023 2062 5844 5845)
6(2061 2063 2025 2064 5846 5847)
6(2063 2065 2027 2066 5848 5849)
6(2065 2067 2029 2068 5850 5851)
6(2067 2069 2031 2070 5852 5853)
6(2069 2071 2033 2072 5854 5855)
6(2071 2073 2035 2074 5856 5857)
6(2073 2075 2037 2076 5858 5859)
6(2075 2077 2039 2078 5860 5861)
6(2077 2079 2041 2080 5862 5863)
6(2079 2081 2043 2082 5864 5865)
6(2081 2083 2045 2084 5866 5867)
6(2083 2085 2047 2086 5868 5869)
6(2085 2087 2049 2088 5870 5871)
6(2087 2089 2051 2090 5872 5873)
6(2089 2091 2053 2092 5874 5875)
6(2091 2093 2055 2094 5876 5877)
6(2056 2095 3623 2093 5878 5879)
6(2097 2058 3555 2096 5880 5881)
6(2096 2098 2060 2099 5882 5883)
6(2098 2100 2062 2101 5884 5885)
6(2100 2102 2064 2103 5886 5887)
6(2102 2104 2066 2105 5888 5889)
6(2104 2106 2068 2107 5890 5891)
6(2106 2108 2070 2109 5892 5893)
6(2108 2110 2072 2111 5894 5895)
6(2110 2112 2074 2113 5896 5897)
6(2112 2114 2076 2115 5898 5899)
6(2114 2116 2078 2117 5900 5901)
6(2116 2118 2080 2119 5902 5903)
6(2118 2120 2082 2121 5904 5905)
6(2120 2122 2084 2123 5906 5907)
6(2122 2124 2086 2125 5908 5909)
6(2124 2126 2088 2127 5910 5911)
6(2126 2128 2090 2129 5912 5913)
6(2128 2130 2092 2131 5914 5915)
6(2130 2132 2094 2133 5916 5917)
6(2095 2134 3624 2132 5918 5919)
6(2136 2097 3554 2135 5920 5921)
6(2135 2137 2099 2138 5922 5923)
6(2137 2139 2101 2140 5924 5925)
6(2139 2141 2103 2142 5926 5927)
6(2141 2143 2105 2144 5928 5929)
6(2143 2145 2107 2146 5930 5931)
6(2145 2147 2109 2148 5932 5933)
6(2147 2149 2111 2150 5934 5935)
6(2149 2151 2113 2152 5936 5937)
6(2151 2153 2115 2154 5938 5939)
6(2153 2155 2117 2156 5940 5941)
6(2155 2157 2119 2158 5942 5943)
6(2157 2159 2121 2160 5944 5945)
6(2159 2161 2123 2162 5946 5947)
6(2161 2163 2125 2164 5948 5949)
6(2163 2165 2127 2166 5950 5951)
6(2165 2167 2129 2168 5952 5953)
6(2167 2169 2131 2170 5954 5955)
6(2169 2171 2133 2172 5956 5957)
6(2134 2173 3625 2171 5958 5959)
6(2175 2136 3553 2174 5960 5961)
6(2174 2176 2138 2177 5962 5963)
6(2176 2178 2140 2179 5964 5965)
6(2178 2180 2142 2181 5966 5967)
6(2180 2182 2144 2183 5968 5969)
6(2182 2184 2146 2185 5970 5971)
6(2184 2186 2148 2187 5972 5973)
6(2186 2188 2150 2189 5974 5975)
6(2188 2190 2152 2191 5976 5977)
6(2190 2192 2154 2193 5978 5979)
6(2192 2194 2156 2195 5980 5981)
6(2194 2196 2158 2197 5982 5983)
6(2196 2198 2160 2199 5984 5985)
6(2198 2200 2162 2201 5986 5987)
6(2200 2202 2164 2203 5988 5989)
6(2202 2204 2166 2205 5990 5991)
6(2204 2206 2168 2207 5992 5993)
6(2206 2208 2170 2209 5994 5995)
6(2208 2210 2172 2211 5996 5997)
6(2173 2212 3626 2210 5998 5999)
6(2214 2175 3552 2213 6000 6001)
6(2213 2215 2177 2216 6002 6003)
6(2215 2217 2179 2218 6004 6005)
6(2217 2219 2181 2220 6006 6007)
6(2219 2221 2183 2222 6008 6009)
6(2221 2223 2185 2224 6010 6011)
6(2223 2225 2187 2226 6012 6013)
6(2225 2227 2189 2228 6014 6015)
6(2227 2229 2191 2230 6016 6017)
6(2229 2231 2193 2232 6018 6019)
6(2231 2233 2195 2234 6020 6021)
6(2233 2235 2197 2236 6022 6023)
6(2235 2237 2199 2238 6024 6025)
6(2237 2239 2201 2240 6026 6027)
6(2239 2241 2203 2242 6028 6029)
6(2241 2243 2205 2244 6030 6031)
6(2243 2245 2207 2246 6032 6033)
6(2245 2247 2209 2248 6034 6035)
6(2247 2249 2211 2250 6036 6037)
6(2212 2251 3627 2249 6038 6039)
6(2253 2214 3551 2252 6040 6041)
6(2252 2254 2216 2255 6042 6043)
6(2254 2256 2218 2257 6044 6045)
6(2256 2258 2220 2259 6046 6047)
6(2258 2260 2222 2261 6048 6049)
6(2260 2262 2224 2263 6050 6051)
6(2262 2264 2226 2265 6052 6053)
6(2264 2266 2228 2267 6054 6055)
6(2266 2268 2230 2269 6056 6057)
6(2268 2270 2232 2271 6058 6059)
6(2270 2272 2234 2273 6060 6061)
6(2272 2274 2236 2275 6062 6063)
6(2274 2276 2238 2277 6064 6065)
6(2276 2278 2240 2279 6066 6067)
6(2278 2280 2242 2281 6068 6069)
6(2280 2282 2244 2283 6070 6071)
6(2282 2284 2246 2285 6072 6073)
6(2284 2286 2248 2287 6074 6075)
6(2286 2288 2250 2289 6076 6077)
6(2251 2290 3628 2288 6078 6079)
6(2292 2253 3550 2291 6080 6081)
6(2291 2293 2255 2294 6082 6083)
6(2293 2295 2257 2296 6084 6085)
6(2295 2297 2259 2298 6086 6087)
6(2297 2299 2261 2300 6088 6089)
6(2299 2301 2263 2302 6090 6091)
6(2301 2303 2265 2304 6092 6093)
6(2303 2305 2267 2306 6094 6095)
6(2305 2307 2269 2308 6096 6097)
6(2307 2309 2271 2310 6098 6099)
6(2309 2311 2273 2312 6100 6101)
6(2311 2313 2275 2314 6102 6103)
6(2313 2315 2277 2316 6104 6105)
6(2315 2317 2279 2318 6106 6107)
6(2317 2319 2281 2320 6108 6109)
6(2319 2321 2283 2322 6110 6111)
6(2321 2323 2285 2324 6112 6113)
6(2323 2325 2287 2326 6114 6115)
6(2325 2327 2289 2328 6116 6117)
6(2290 2329 3629 2327 6118 6119)
6(2331 2292 3549 2330 6120 6121)
6(2330 2332 2294 2333 6122 6123)
6(2332 2334 2296 2335 6124 6125)
6(2334 2336 2298 2337 6126 6127)
6(2336 2338 2300 2339 6128 6129)
6(2338 2340 2302 2341 6130 6131)
6(2340 2342 2304 2343 6132 6133)
6(2342 2344 2306 2345 6134 6135)
6(2344 2346 2308 2347 6136 6137)
6(2346 2348 2310 2349 6138 6139)
6(2348 2350 2312 2351 6140 6141)
6(2350 2352 2314 2353 6142 6143)
6(2352 2354 2316 2355 6144 6145)
6(2354 2356 2318 2357 6146 6147)
6(2356 2358 2320 2359 6148 6149)
6(2358 2360 2322 2361 6150 6151)
6(2360 2362 2324 2363 6152 6153)
6(2362 2364 2326 2365 6154 6155)
6(2364 2366 2328 2367 6156 6157)
6(2329 2368 3630 2366 6158 6159)
6(2370 2331 3548 2369 6160 6161)
6(2369 2371 2333 2372 6162 6163)
6(2371 2373 2335 2374 6164 6165)
6(2373 2375 2337 2376 6166 6167)
6(2375 2377 2339 2378 6168 6169)
6(2377 2379 2341 2380 6170 6171)
6(2379 2381 2343 2382 6172 6173)
6(2381 2383 2345 2384 6174 6175)
6(2383 2385 2347 2386 6176 6177)
6(2385 2387 2349 2388 6178 6179)
6(2387 2389 2351 2390 6180 6181)
6(2389 2391 2353 2392 6182 6183)
6(2391 2393 2355 2394 6184 6185)
6(2393 2395 2357 2396 6186 6187)
6(2395 2397 2359 2398 6188 6189)
6(2397 2399 2361 2400 6190 6191)
6(2399 2401 2363 2402 6192 6193)
6(2401 2403 2365 2404 6194 6195)
6(2403 2405 2367 2406 6196 6197)
6(2368 2407 3631 2405 6198 6199)
6(2409 2370 3547 2408 6200 6201)
6(2408 2410 2372 2411 6202 6203)
6(2410 2412 2374 2413 6204 6205)
6(2412 2414 2376 2415 6206 6207)
6(2414 2416 2378 2417 6208 6209)
6(2416 2418 2380 2419 6210 6211)
6(2418 2420 2382 2421 6212 6213)
6(2420 2422 2384 2423 6214 6215)
6(2422 2424 2386 2425 6216 6217)
6(2424 2426 2388 2427 6218 6219)
6(2426 2428 2390 2429 6220 6221)
6(2428 2430 2392 2431 6222 6223)
6(2430 2432 2394 2433 6224 6225)
6(2432 2434 2396 2435 6226 6227)
6(2434 2436 2398 2437 6228 6229)
6(2436 2438 2400 2439 6230 6231)
6(2438 2440 2402 2441 6232 6233)
6(2440 2442 2404 2443 6234 6235)
6(2442 2444 2406 2445 6236 6237)
6(2407 2446 3632 2444 6238 6239)
6(2448 2409 3546 2447 6240 6241)
6(2447 2449 2411 2450 6242 6243)
6(2449 2451 2413 2452 6244 6245)
6(2451 2453 2415 2454 6246 6247)
6(2453 2455 2417 2456 6248 6249)
6(2455 2457 2419 2458 6250 6251)
6(2457 2459 2421 2460 6252 6253)
6(2459 2461 2423 2462 6254 6255)
6(2461 2463 2425 2464 6256 6257)
6(2463 2465 2427 2466 6258 6259)
6(2465 2467 2429 2468 6260 6261)
6(2467 2469 2431 2470 6262 6263)
6(2469 2471 2433 2472 6264 6265)
6(2471 2473 2435 2474 6266 6267)
6(2473 2475 2437 2476 6268 6269)
6(2475 2477 2439 2478 6270 6271)
6(2477 2479 2441 2480 6272 6273)
6(2479 2481 2443 2482 6274 6275)
6(2481 2483 2445 2484 6276 6277)
6(2446 2485 3633 2483 6278 6279)
6(2487 2448 3545 2486 6280 6281)
6(2486 2488 2450 2489 6282 6283)
6(2488 2490 2452 2491 6284 6285)
6(2490 2492 2454 2493 6286 6287)
6(2492 2494 2456 2495 6288 6289)
6(2494 2496 2458 2497 6290 6291)
6(2496 2498 2460 2499 6292 6293)
6(2498 2500 2462 2501 6294 6295)
6(2500 2502 2464 2503 6296 6297)
6(2502 2504 2466 2505 6298 6299)
6(2504 2506 2468 2507 6300 6301)
6(2506 2508 2470 2509 6302 6303)
6(2508 2510 2472 2511 6304 6305)
6(2510 2512 2474 2513 6306 6307)
6(2512 2514 2476 2515 6308 6309)
6(2514 2516 2478 2517 6310 6311)
6(2516 2518 2480 2519 6312 6313)
6(2518 2520 2482 2521 6314 6315)
6(2520 2522 2484 2523 6316 6317)
6(2485 2524 3634 2522 6318 6319)
6(2526 2487 3544 2525 6320 6321)
6(2525 2527 2489 2528 6322 6323)
6(2527 2529 2491 2530 6324 6325)
6(2529 2531 2493 2532 6326 6327)
6(2531 2533 2495 2534 6328 6329)
6(2533 2535 2497 2536 6330 6331)
6(2535 2537 2499 2538 6332 6333)
6(2537 2539 2501 2540 6334 6335)
6(2539 2541 2503 2542 6336 6337)
6(2541 2543 2505 2544 6338 6339)
6(2543 2545 2507 2546 6340 6341)
6(2545 2547 2509 2548 6342 6343)
6(2547 2549 2511 2550 6344 6345)
6(2549 2551 2513 2552 6346 6347)
6(2551 2553 2515 2554 6348 6349)
6(2553 2555 2517 2556 6350 6351)
6(2555 2557 2519 2558 6352 6353)
6(2557 2559 2521 2560 6354 6355)
6(2559 2561 2523 2562 6356 6357)
6(2524 2563 3635 2561 6358 6359)
6(2565 2526 3543 2564 6360 6361)
6(2564 2566 2528 2567 6362 6363)
6(2566 2568 2530 2569 6364 6365)
6(2568 2570 2532 2571 6366 6367)
6(2570 2572 2534 2573 6368 6369)
6(2572 2574 2536 2575 6370 6371)
6(2574 2576 2538 2577 6372 6373)
6(2576 2578 2540 2579 6374 6375)
6(2578 2580 2542 2581 6376 6377)
6(2580 2582 2544 2583 6378 6379)
6(2582 2584 2546 2585 6380 6381)
6(2584 2586 2548 2587 6382 6383)
6(2586 2588 2550 2589 6384 6385)
6(2588 2590 2552 2591 6386 6387)
6(2590 2592 2554 2593 6388 6389)
6(2592 2594 2556 2595 6390 6391)
6(2594 2596 2558 2597 6392 6393)
6(2596 2598 2560 2599 6394 6395)
6(2598 2600 2562 2601 6396 6397)
6(2563 2602 3636 2600 6398 6399)
6(2604 2565 3542 2603 6400 6401)
6(2603 2605 2567 2606 6402 6403)
6(2605 2607 2569 2608 6404 6405)
6(2607 2609 2571 2610 6406 6407)
6(2609 2611 2573 2612 6408 6409)
6(2611 2613 2575 2614 6410 6411)
6(2613 2615 2577 2616 6412 6413)
6(2615 2617 2579 2618 6414 6415)
6(2617 2619 2581 2620 6416 6417)
6(2619 2621 2583 2622 6418 6419)
6(2621 2623 2585 2624 6420 6421)
6(2623 2625 2587 2626 6422 6423)
6(2625 2627 2589 2628 6424 6425)
6(2627 2629 2591 2630 6426 6427)
6(2629 2631 2593 2632 6428 6429)
6(2631 2633 2595 2634 6430 6431)
6(2633 2635 2597 2636 6432 6433)
6(2635 2637 2599 2638 6434 6435)
6(2637 2639 2601 2640 6436 6437)
6(2602 2641 3637 2639 6438 6439)
6(2643 2604 3541 2642 6440 6441)
6(2642 2644 2606 2645 6442 6443)
6(2644 2646 2608 2647 6444 6445)
6(2646 2648 2610 2649 6446 6447)
6(2648 2650 2612 2651 6448 6449)
6(2650 2652 2614 2653 6450 6451)
6(2652 2654 2616 2655 6452 6453)
6(2654 2656 2618 2657 6454 6455)
6(2656 2658 2620 2659 6456 6457)
6(2658 2660 2622 2661 6458 6459)
6(2660 2662 2624 2663 6460 6461)
6(2662 2664 2626 2665 6462 6463)
6(2664 2666 2628 2667 6464 6465)
6(2666 2668 2630 2669 6466 6467)
6(2668 2670 2632 2671 6468 6469)
6(2670 2672 2634 2673 6470 6471)
6(2672 2674 2636 2675 6472 6473)
6(2674 2676 2638 2677 6474 6475)
6(2676 2678 2640 2679 6476 6477)
6(2641 2680 3638 2678 6478 6479)
6(2682 2643 3540 2681 6480 6481)
6(2681 2683 2645 2684 6482 6483)
6(2683 2685 2647 2686 6484 6485)
6(2685 2687 2649 2688 6486 6487)
6(2687 2689 2651 2690 6488 6489)
6(2689 2691 2653 2692 6490 6491)
6(2691 2693 2655 2694 6492 6493)
6(2693 2695 2657 2696 6494 6495)
6(2695 2697 2659 2698 6496 6497)
6(2697 2699 2661 2700 6498 6499)
6(2699 2701 2663 2702 6500 6501)
6(2701 2703 2665 2704 6502 6503)
6(2703 2705 2667 2706 6504 6505)
6(2705 2707 2669 2708 6506 6507)
6(2707 2709 2671 2710 6508 6509)
6(2709 2711 2673 2712 6510 6511)
6(2711 2713 2675 2714 6512 6513)
6(2713 2715 2677 2716 6514 6515)
6(2715 2717 2679 2718 6516 6517)
6(2680 2719 3639 2717 6518 6519)
6(2721 2682 3539 2720 6520 6521)
6(2720 2722 2684 2723 6522 6523)
6(2722 2724 2686 2725 6524 6525)
6(2724 2726 2688 2727 6526 6527)
6(2726 2728 2690 2729 6528 6529)
6(2728 2730 2692 2731 6530 6531)
6(2730 2732 2694 2733 6532 6533)
6(2732 2734 2696 2735 6534 6535)
6(2734 2736 2698 2737 6536 6537)
6(2736 2738 2700 2739 6538 6539)
6(2738 2740 2702 2741 6540 6541)
6(2740 2742 2704 2743 6542 6543)
6(2742 2744 2706 2745 6544 6545)
6(2744 2746 2708 2747 6546 6547)
6(2746 2748 2710 2749 6548 6549)
6(2748 2750 2712 2751 6550 6551)
6(2750 2752 2714 2753 6552 6553)
6(2752 2754 2716 2755 6554 6555)
6(2754 2756 2718 2757 6556 6557)
6(2719 2758 3640 2756 6558 6559)
6(2760 2721 3538 2759 6560 6561)
6(2759 2761 2723 2762 6562 6563)
6(2761 2763 2725 2764 6564 6565)
6(2763 2765 2727 2766 6566 6567)
6(2765 2767 2729 2768 6568 6569)
6(2767 2769 2731 2770 6570 6571)
6(2769 2771 2733 2772 6572 6573)
6(2771 2773 2735 2774 6574 6575)
6(2773 2775 2737 2776 6576 6577)
6(2775 2777 2739 2778 6578 6579)
6(2777 2779 2741 2780 6580 6581)
6(2779 2781 2743 2782 6582 6583)
6(2781 2783 2745 2784 6584 6585)
6(2783 2785 2747 2786 6586 6587)
6(2785 2787 2749 2788 6588 6589)
6(2787 2789 2751 2790 6590 6591)
6(2789 2791 2753 2792 6592 6593)
6(2791 2793 2755 2794 6594 6595)
6(2793 2795 2757 2796 6596 6597)
6(2758 2797 3641 2795 6598 6599)
6(2799 2760 3537 2798 6600 6601)
6(2798 2800 2762 2801 6602 6603)
6(2800 2802 2764 2803 6604 6605)
6(2802 2804 2766 2805 6606 6607)
6(2804 2806 2768 2807 6608 6609)
6(2806 2808 2770 2809 6610 6611)
6(2808 2810 2772 2811 6612 6613)
6(2810 2812 2774 2813 6614 6615)
6(2812 2814 2776 2815 6616 6617)
6(2814 2816 2778 2817 6618 6619)
6(2816 2818 2780 2819 6620 6621)
6(2818 2820 2782 2821 6622 6623)
6(2820 2822 2784 2823 6624 6625)
6(2822 2824 2786 2825 6626 6627)
6(2824 2826 2788 2827 6628 6629)
6(2826 2828 2790 2829 6630 6631)
6(2828 2830 2792 2831 6632 6633)
6(2830 2832 2794 2833 6634 6635)
6(2832 2834 2796 2835 6636 6637)
6(2797 2836 3642 2834 6638 6639)
6(2838 2799 3536 2837 6640 6641)
6(2837 2839 2801 2840 6642 6643)
6(2839 2841 2803 2842 6644 6645)
6(2841 2843 2805 2844 6646 6647)
6(2843 2845 2807 2846 6648 6649)
6(2845 2847 2809 2848 6650 6651)
6(2847 2849 2811 2850 6652 6653)
6(2849 2851 2813 2852 6654 6655)
6(2851 2853 2815 2854 6656 6657)
6(2853 2855 2817 2856 6658 6659)
6(2855 2857 2819 2858 6660 6661)
6(2857 2859 2821 2860 6662 6663)
6(2859 2861 2823 2862 6664 6665)
6(2861 2863 2825 2864 6666 6667)
6(2863 2865 2827 2866 6668 6669)
6(2865 2867 2829 2868 6670 6671)
6(2867 2869 2831 2870 6672 6673)
6(2869 2871 2833 2872 6674 6675)
6(2871 2873 2835 2874 6676 6677)
6(2836 2875 3643 2873 6678 6679)
6(2877 2838 3535 2876 6680 6681)
6(2876 2878 2840 2879 6682 6683)
6(2878 2880 2842 2881 6684 6685)
6(2880 2882 2844 2883 6686 6687)
6(2882 2884 2846 2885 6688 6689)
6(2884 2886 2848 2887 6690 6691)
6(2886 2888 2850 2889 6692 6693)
6(2888 2890 2852 2891 6694 6695)
6(2890 2892 2854 2893 6696 6697)
6(2892 2894 2856 2895 6698 6699)
6(2894 2896 2858 2897 6700 6701)
6(2896 2898 2860 2899 6702 6703)
6(2898 2900 2862 2901 6704 6705)
6(2900 2902 2864 2903 6706 6707)
6(2902 2904 2866 2905 6708 6709)
6(2904 2906 2868 2907 6710 6711)
6(2906 2908 2870 2909 6712 6713)
6(2908 2910 2872 2911 6714 6715)
6(2910 2912 2874 2913 6716 6717)
6(2875 2914 3644 2912 6718 6719)
6(2916 2877 3534 2915 6720 6721)
6(2915 2917 2879 2918 6722 6723)
6(2917 2919 2881 2920 6724 6725)
6(2919 2921 2883 2922 6726 6727)
6(2921 2923 2885 2924 6728 6729)
6(2923 2925 2887 2926 6730 6731)
6(2925 2927 2889 2928 6732 6733)
6(2927 2929 2891 2930 6734 6735)
6(2929 2931 2893 2932 6736 6737)
6(2931 2933 2895 2934 6738 6739)
6(2933 2935 2897 2936 6740 6741)
6(2935 2937 2899 2938 6742 6743)
6(2937 2939 2901 2940 6744 6745)
6(2939 2941 2903 2942 6746 6747)
6(2941 2943 2905 2944 6748 6749)
6(2943 2945 2907 2946 6750 6751)
6(2945 2947 2909 2948 6752 6753)
6(2947 2949 2911 2950 6754 6755)
6(2949 2951 2913 2952 6756 6757)
6(2914 2953 3645 2951 6758 6759)
6(2955 2916 3533 2954 6760 6761)
6(2954 2956 2918 2957 6762 6763)
6(2956 2958 2920 2959 6764 6765)
6(2958 2960 2922 2961 6766 6767)
6(2960 2962 2924 2963 6768 6769)
6(2962 2964 2926 2965 6770 6771)
6(2964 2966 2928 2967 6772 6773)
6(2966 2968 2930 2969 6774 6775)
6(2968 2970 2932 2971 6776 6777)
6(2970 2972 2934 2973 6778 6779)
6(2972 2974 2936 2975 6780 6781)
6(2974 2976 2938 2977 6782 6783)
6(2976 2978 2940 2979 6784 6785)
6(2978 2980 2942 2981 6786 6787)
6(2980 2982 2944 2983 6788 6789)
6(2982 2984 2946 2985 6790 6791)
6(2984 2986 2948 2987 6792 6793)
6(2986 2988 2950 2989 6794 6795)
6(2988 2990 2952 2991 6796 6797)
6(2953 2992 3646 2990 6798 6799)
6(2994 2955 3532 2993 6800 6801)
6(2993 2995 2957 2996 6802 6803)
6(2995 2997 2959 2998 6804 6805)
6(2997 2999 2961 3000 6806 6807)
6(2999 3001 2963 3002 6808 6809)
6(3001 3003 2965 3004 6810 6811)
6(3003 3005 2967 3006 6812 6813)
6(3005 3007 2969 3008 6814 6815)
6(3007 3009 2971 3010 6816 6817)
6(3009 3011 2973 3012 6818 6819)
6(3011 3013 2975 3014 6820 6821)
6(3013 3015 2977 3016 6822 6823)
6(3015 3017 2979 3018 6824 6825)
6(3017 3019 2981 3020 6826 6827)
6(3019 3021 2983 3022 6828 6829)
6(3021 3023 2985 3024 6830 6831)
6(3023 3025 2987 3026 6832 6833)
6(3025 3027 2989 3028 6834 6835)
6(3027 3029 2991 3030 6836 6837)
6(2992 3031 3647 3029 6838 6839)
6(3033 2994 3531 3032 6840 6841)
6(3032 3034 2996 3035 6842 6843)
6(3034 3036 2998 3037 6844 6845)
6(3036 3038 3000 3039 6846 6847)
6(3038 3040 3002 3041 6848 6849)
6(3040 3042 3004 3043 6850 6851)
6(3042 3044 3006 3045 6852 6853)
6(3044 3046 3008 3047 6854 6855)
6(3046 3048 3010 3049 6856 6857)
6(3048 3050 3012 3051 6858 6859)
6(3050 3052 3014 3053 6860 6861)
6(3052 3054 3016 3055 6862 6863)
6(3054 3056 3018 3057 6864 6865)
6(3056 3058 3020 3059 6866 6867)
6(3058 3060 3022 3061 6868 6869)
6(3060 3062 3024 3063 6870 6871)
6(3062 3064 3026 3065 6872 6873)
6(3064 3066 3028 3067 6874 6875)
6(3066 3068 3030 3069 6876 6877)
6(3031 3070 3648 3068 6878 6879)
6(3072 3033 3530 3071 6880 6881)
6(3071 3073 3035 3074 6882 6883)
6(3073 3075 3037 3076 6884 6885)
6(3075 3077 3039 3078 6886 6887)
6(3077 3079 3041 3080 6888 6889)
6(3079 3081 3043 3082 6890 6891)
6(3081 3083 3045 3084 6892 6893)
6(3083 3085 3047 3086 6894 6895)
6(3085 3087 3049 3088 6896 6897)
6(3087 3089 3051 3090 6898 6899)
6(3089 3091 3053 3092 6900 6901)
6(3091 3093 3055 3094 6902 6903)
6(3093 3095 3057 3096 6904 6905)
6(3095 3097 3059 3098 6906 6907)
6(3097 3099 3061 3100 6908 6909)
6(3099 3101 3063 3102 6910 6911)
6(3101 3103 3065 3104 6912 6913)
6(3103 3105 3067 3106 6914 6915)
6(3105 3107 3069 3108 6916 6917)
6(3070 3109 3649 3107 6918 6919)
6(3111 3072 3529 3110 6920 6921)
6(3110 3112 3074 3113 6922 6923)
6(3112 3114 3076 3115 6924 6925)
6(3114 3116 3078 3117 6926 6927)
6(3116 3118 3080 3119 6928 6929)
6(3118 3120 3082 3121 6930 6931)
6(3120 3122 3084 3123 6932 6933)
6(3122 3124 3086 3125 6934 6935)
6(3124 3126 3088 3127 6936 6937)
6(3126 3128 3090 3129 6938 6939)
6(3128 3130 3092 3131 6940 6941)
6(3130 3132 3094 3133 6942 6943)
6(3132 3134 3096 3135 6944 6945)
6(3134 3136 3098 3137 6946 6947)
6(3136 3138 3100 3139 6948 6949)
6(3138 3140 3102 3141 6950 6951)
6(3140 3142 3104 3143 6952 6953)
6(3142 3144 3106 3145 6954 6955)
6(3144 3146 3108 3147 6956 6957)
6(3109 3148 3650 3146 6958 6959)
6(3150 3111 3528 3149 6960 6961)
6(3149 3151 3113 3152 6962 6963)
6(3151 3153 3115 3154 6964 6965)
6(3153 3155 3117 3156 6966 6967)
6(3155 3157 3119 3158 6968 6969)
6(3157 3159 3121 3160 6970 6971)
6(3159 3161 3123 3162 6972 6973)
6(3161 3163 3125 3164 6974 6975)
6(3163 3165 3127 3166 6976 6977)
6(3165 3167 3129 3168 6978 6979)
6(3167 3169 3131 3170 6980 6981)
6(3169 3171 3133 3172 6982 6983)
6(3171 3173 3135 3174 6984 6985)
6(3173 3175 3137 3176 6986 6987)
6(3175 3177 3139 3178 6988 6989)
6(3177 3179 3141 3180 6990 6991)
6(3179 3181 3143 3182 6992 6993)
6(3181 3183 3145 3184 6994 6995)
6(3183 3185 3147 3186 6996 6997)
6(3148 3187 3651 3185 6998 6999)
6(3189 3150 3527 3188 7000 7001)
6(3188 3190 3152 3191 7002 7003)
6(3190 3192 3154 3193 7004 7005)
6(3192 3194 3156 3195 7006 7007)
6(3194 3196 3158 3197 7008 7009)
6(3196 3198 3160 3199 7010 7011)
6(3198 3200 3162 3201 7012 7013)
6(3200 3202 3164 3203 7014 7015)
6(3202 3204 3166 3205 7016 7017)
6(3204 3206 3168 3207 7018 7019)
6(3206 3208 3170 3209 7020 7021)
6(3208 3210 3172 3211 7022 7023)
6(3210 3212 3174 3213 7024 7025)
6(3212 3214 3176 3215 7026 7027)
6(3214 3216 3178 3217 7028 7029)
6(3216 3218 3180 3219 7030 7031)
6(3218 3220 3182 3221 7032 7033)
6(3220 3222 3184 3223 7034 7035)
6(3222 3224 3186 3225 7036 7037)
6(3187 3226 3652 3224 7038 7039)
6(3228 3189 3526 3227 7040 7041)
6(3227 3229 3191 3230 7042 7043)
6(3229 3231 3193 3232 7044 7045)
6(3231 3233 3195 3234 7046 7047)
6(3233 3235 3197 3236 7048 7049)
6(3235 3237 3199 3238 7050 7051)
6(3237 3239 3201 3240 7052 7053)
6(3239 3241 3203 3242 7054 7055)
6(3241 3243 3205 3244 7056 7057)
6(3243 3245 3207 3246 7058 7059)
6(3245 3247 3209 3248 7060 7061)
6(3247 3249 3211 3250 7062 7063)
6(3249 3251 3213 3252 7064 7065)
6(3251 3253 3215 3254 7066 7067)
6(3253 3255 3217 3256 7068 7069)
6(3255 3257 3219 3258 7070 7071)
6(3257 3259 3221 3260 7072 7073)
6(3259 3261 3223 3262 7074 7075)
6(3261 3263 3225 3264 7076 7077)
6(3226 3265 3653 3263 7078 7079)
6(3267 3228 3525 3266 7080 7081)
6(3266 3268 3230 3269 7082 7083)
6(3268 3270 3232 3271 7084 7085)
6(3270 3272 3234 3273 7086 7087)
6(3272 3274 3236 3275 7088 7089)
6(3274 3276 3238 3277 7090 7091)
6(3276 3278 3240 3279 7092 7093)
6(3278 3280 3242 3281 7094 7095)
6(3280 3282 3244 3283 7096 7097)
6(3282 3284 3246 3285 7098 7099)
6(3284 3286 3248 3287 7100 7101)
6(3286 3288 3250 3289 7102 7103)
6(3288 3290 3252 3291 7104 7105)
6(3290 3292 3254 3293 7106 7107)
6(3292 3294 3256 3295 7108 7109)
6(3294 3296 3258 3297 7110 7111)
6(3296 3298 3260 3299 7112 7113)
6(3298 3300 3262 3301 7114 7115)
6(3300 3302 3264 3303 7116 7117)
6(3265 3304 3654 3302 7118 7119)
6(3306 3267 3524 3305 7120 7121)
6(3305 3307 3269 3308 7122 7123)
6(3307 3309 3271 3310 7124 7125)
6(3309 3311 3273 3312 7126 7127)
6(3311 3313 3275 3314 7128 7129)
6(3313 3315 3277 3316 7130 7131)
6(3315 3317 3279 3318 7132 7133)
6(3317 3319 3281 3320 7134 7135)
6(3319 3321 3283 3322 7136 7137)
6(3321 3323 3285 3324 7138 7139)
6(3323 3325 3287 3326 7140 7141)
6(3325 3327 3289 3328 7142 7143)
6(3327 3329 3291 3330 7144 7145)
6(3329 3331 3293 3332 7146 7147)
6(3331 3333 3295 3334 7148 7149)
6(3333 3335 3297 3336 7150 7151)
6(3335 3337 3299 3338 7152 7153)
6(3337 3339 3301 3340 7154 7155)
6(3339 3341 3303 3342 7156 7157)
6(3304 3343 3655 3341 7158 7159)
6(3345 3306 3523 3344 7160 7161)
6(3344 3346 3308 3347 7162 7163)
6(3346 3348 3310 3349 7164 7165)
6(3348 3350 3312 3351 7166 7167)
6(3350 3352 3314 3353 7168 7169)
6(3352 3354 3316 3355 7170 7171)
6(3354 3356 3318 3357 7172 7173)
6(3356 3358 3320 3359 7174 7175)
6(3358 3360 3322 3361 7176 7177)
6(3360 3362 3324 3363 7178 7179)
6(3362 3364 3326 3365 7180 7181)
6(3364 3366 3328 3367 7182 7183)
6(3366 3368 3330 3369 7184 7185)
6(3368 3370 3332 3371 7186 7187)
6(3370 3372 3334 3373 7188 7189)
6(3372 3374 3336 3375 7190 7191)
6(3374 3376 3338 3377 7192 7193)
6(3376 3378 3340 3379 7194 7195)
6(3378 3380 3342 3381 7196 7197)
6(3343 3382 3656 3380 7198 7199)
6(3384 3345 3522 3383 7200 7201)
6(3383 3385 3347 3386 7202 7203)
6(3385 3387 3349 3388 7204 7205)
6(3387 3389 3351 3390 7206 7207)
6(3389 3391 3353 3392 7208 7209)
6(3391 3393 3355 3394 7210 7211)
6(3393 3395 3357 3396 7212 7213)
6(3395 3397 3359 3398 7214 7215)
6(3397 3399 3361 3400 7216 7217)
6(3399 3401 3363 3402 7218 7219)
6(3401 3403 3365 3404 7220 7221)
6(3403 3405 3367 3406 7222 7223)
6(3405 3407 3369 3408 7224 7225)
6(3407 3409 3371 3410 7226 7227)
6(3409 3411 3373 3412 7228 7229)
6(3411 3413 3375 3414 7230 7231)
6(3413 3415 3377 3416 7232 7233)
6(3415 3417 3379 3418 7234 7235)
6(3417 3419 3381 3420 7236 7237)
6(3382 3421 3657 3419 7238 7239)
6(3423 3384 3521 3422 7240 7241)
6(3422 3424 3386 3425 7242 7243)
6(3424 3426 3388 3427 7244 7245)
6(3426 3428 3390 3429 7246 7247)
6(3428 3430 3392 3431 7248 7249)
6(3430 3432 3394 3433 7250 7251)
6(3432 3434 3396 3435 7252 7253)
6(3434 3436 3398 3437 7254 7255)
6(3436 3438 3400 3439 7256 7257)
6(3438 3440 3402 3441 7258 7259)
6(3440 3442 3404 3443 7260 7261)
6(3442 3444 3406 3445 7262 7263)
6(3444 3446 3408 3447 7264 7265)
6(3446 3448 3410 3449 7266 7267)
6(3448 3450 3412 3451 7268 7269)
6(3450 3452 3414 3453 7270 7271)
6(3452 3454 3416 3455 7272 7273)
6(3454 3456 3418 3457 7274 7275)
6(3456 3458 3420 3459 7276 7277)
6(3421 3460 3658 3458 7278 7279)
6(3699 3423 3520 3461 7280 7281)
6(3462 3461 3698 3425 7282 7283)
6(3463 3462 3697 3427 7284 7285)
6(3464 3463 3696 3429 7286 7287)
6(3465 3464 3695 3431 7288 7289)
6(3466 3465 3694 3433 7290 7291)
6(3467 3466 3693 3435 7292 7293)
6(3468 3467 3692 3437 7294 7295)
6(3469 3468 3691 3439 7296 7297)
6(3470 3469 3690 3441 7298 7299)
6(3471 3470 3689 3443 7300 7301)
6(3472 3471 3688 3445 7302 7303)
6(3473 3472 3687 3447 7304 7305)
6(3474 3473 3686 3449 7306 7307)
6(3475 3474 3685 3451 7308 7309)
6(3476 3475 3684 3453 7310 7311)
6(3477 3476 3683 3455 7312 7313)
6(3478 3477 3682 3457 7314 7315)
6(3479 3478 3681 3459 7316 7317)
6(3460 3680 3659 3479 7318 7319)
)


// ************************************************************************* //
